SinoN_r
128
SinoN_t
3
N_tStart
0
N_tEnd
2
N_rStart
0
N_rEnd
127
SinoN_theta87SinoDelta_r
1
SinoDelta_t1SinoAngles
-70
1
-69
1
-68
1
-67
1
-66
1
-65
1
-64
1
-63
1
-62
1
-61
1
-60
1
-59
1
-58
1
-57
1
-56
1
-55
1
-54
1
-52
1
-50
1
-48
1
-46
1
-44
1
-42
1
-40
1
-38
1
-36
1
-34
1
-32
1
-30
1
-28
1
-26
1
-24
1
-22
1
-20
1
-18
1
-16
1
-14
1
-12
1
-10
1
-8
1
-6
1
-4
1
-2
1
0
1
2
1
4
1
6
1
8
1
10
1
12
1
14
1
16
1
18
1
20
1
22
1
24
1
26
1
28
1
30
1
32
1
34
1
36
1
38
1
40
1
42
1
44
1
46
1
48
1
50
1
52
1
54
1
55
1
56
1
57
1
58
1
59
1
60
1
61
1
62
1
63
1
64
1
65
1
66
1
67
1
68
1
69
1
70
1
GeomDeltaXZ1GeomDeltaXY1GeomLengthZ128
TargetGain
1